21	21	29	0	0	0	0	0	0	0	0	0	0	0	0	0	0	0	0	0	0	0	0	0	0	0	0	0	0	0	0	0	0	0	0	0	0	0	0	0	0	0	0	0	0	0	0	0	0	0	0	0	0	0	0	0	0	0	0	0	0	0	0	0	0	0	0	0	0	0	0	0	0	0	0	0	0	0	0	0	0	0	0	0	0
29	29	0	0	0	0	0	0	0	0	0	0	0	0	0	0	0	0	0	0	0	0	0	0	0	0	0	0	0	0	0	0	0	0	0	0	0	0	0	0	0	0	0	0	0	0	0	0	0	0	0	0	0	0	0	0	0	0	0	0	0	0	0	0	0	0	0	0	0	0	0	0	0	0	0	0	0	0	0	0	0	0	0	0	0
21	29	21	1	18	21	12	21	18	21	2	21	12	18	21	1	13	21	12	18	28	21	18	28	2	13	28	21	3	18	21	21	12	18	21	21	18	21	3	13	21	26	13	29	21	0	0	0	0	0	0	0	0	0	0	0	0	0	0	0	0	0	0	0	0	0	0	0	0	0	0	0	0	0	0	0	0	0	0	0	0	0	0	0	0
21	21	12	21	13	12	21	11	28	13	21	1	18	21	21	12	18	21	21	12	21	28	2	21	18	28	21	18	28	2	13	18	21	1	13	21	12	21	13	12	21	13	21	11	28	0	0	0	0	0	0	0	0	0	0	0	0	0	0	0	0	0	0	0	0	0	0	0	0	0	0	0	0	0	0	0	0	0	0	0	0	0	0	0	0
21	21	12	21	13	21	12	21	21	21	28	12	21	13	21	21	21	1	18	21	21	12	18	21	12	21	18	21	1	13	29	21	13	29	21	13	12	21	11	28	13	21	2	18	21	21	12	18	21	12	21	18	21	2	13	29	21	13	29	21	0	0	0	0	0	0	0	0	0	0	0	0	0	0	0	0	0	0	0	0	0	0	0	0	0
21	26	21	21	28	21	12	18	29	13	28	12	21	21	21	26	13	28	18	29	0	0	0	0	0	0	0	0	0	0	0	0	0	0	0	0	0	0	0	0	0	0	0	0	0	0	0	0	0	0	0	0	0	0	0	0	0	0	0	0	0	0	0	0	0	0	0	0	0	0	0	0	0	0	0	0	0	0	0	0	0	0	0	0	0
15	28	23	2	10	16	14	15	28	23	2	10	16	14	21	26	15	30	34	17	2	16	21	26	0	0	0	0	0	0	0	0	0	0	0	0	0	0	0	0	0	0	0	0	0	0	0	0	0	0	0	0	0	0	0	0	0	0	0	0	0	0	0	0	0	0	0	0	0	0	0	0	0	0	0	0	0	0	0	0	0	0	0	0	0
21	1	21	28	30	12	18	29	13	12	29	21	1	13	28	12	21	21	21	26	13	21	21	21	26	0	0	0	0	0	0	0	0	0	0	0	0	0	0	0	0	0	0	0	0	0	0	0	0	0	0	0	0	0	0	0	0	0	0	0	0	0	0	0	0	0	0	0	0	0	0	0	0	0	0	0	0	0	0	0	0	0	0	0	0
21	1	18	21	21	18	21	2	21	12	18	21	1	13	21	3	18	21	21	18	21	21	18	21	3	15	24	17	16	2	0	0	0	0	0	0	0	0	0	0	0	0	0	0	0	0	0	0	0	0	0	0	0	0	0	0	0	0	0	0	0	0	0	0	0	0	0	0	0	0	0	0	0	0	0	0	0	0	0	0	0	0	0	0	0
21	1	18	21	12	21	12	18	29	13	28	21	12	18	29	13	28	1	13	22	0	0	0	0	0	0	0	0	0	0	0	0	0	0	0	0	0	0	0	0	0	0	0	0	0	0	0	0	0	0	0	0	0	0	0	0	0	0	0	0	0	0	0	0	0	0	0	0	0	0	0	0	0	0	0	0	0	0	0	0	0	0	0	0	0
21	12	18	29	13	12	28	13	28	29	0	0	0	0	0	0	0	0	0	0	0	0	0	0	0	0	0	0	0	0	0	0	0	0	0	0	0	0	0	0	0	0	0	0	0	0	0	0	0	0	0	0	0	0	0	0	0	0	0	0	0	0	0	0	0	0	0	0	0	0	0	0	0	0	0	0	0	0	0	0	0	0	0	0	0
21	1	18	21	21	12	18	21	21	18	21	1	21	11	28	13	21	12	21	2	18	21	21	18	21	12	21	18	21	2	13	21	11	28	13	28	3	21	18	28	21	18	28	3	0	0	0	0	0	0	0	0	0	0	0	0	0	0	0	0	0	0	0	0	0	0	0	0	0	0	0	0	0	0	0	0	0	0	0	0	0	0	0	0	0
21	1	18	21	21	12	18	21	2	21	12	18	21	1	28	21	21	28	21	21	29	13	21	12	18	29	13	21	3	18	21	12	21	18	21	21	12	18	21	3	21	2	18	29	13	29	13	29	13	28	21	21	28	21	21	29	0	0	0	0	0	0	0	0	0	0	0	0	0	0	0	0	0	0	0	0	0	0	0	0	0	0	0	0	0
21	1	21	21	21	12	21	21	1	13	21	12	18	29	13	28	2	21	21	3	21	4	18	21	21	18	21	21	18	21	4	21	21	28	3	21	12	18	29	13	21	2	0	0	0	0	0	0	0	0	0	0	0	0	0	0	0	0	0	0	0	0	0	0	0	0	0	0	0	0	0	0	0	0	0	0	0	0	0	0	0	0	0	0	0
21	21	1	18	21	12	21	18	21	12	21	18	21	1	13	28	21	12	18	29	13	21	2	18	21	21	18	21	12	21	18	21	2	13	21	28	3	21	21	28	12	21	21	3	13	21	13	28	21	4	18	28	21	18	21	21	12	18	28	4	13	21	5	18	21	28	18	21	21	18	21	5	0	0	0	0	0	0	0	0	0	0	0	0	0
21	1	18	21	21	18	21	12	21	18	21	1	13	28	21	12	18	29	13	21	21	21	21	21	21	21	12	18	29	13	28	29	0	0	0	0	0	0	0	0	0	0	0	0	0	0	0	0	0	0	0	0	0	0	0	0	0	0	0	0	0	0	0	0	0	0	0	0	0	0	0	0	0	0	0	0	0	0	0	0	0	0	0	0	0
21	28	1	21	12	18	29	13	28	2	21	18	28	21	12	18	21	2	28	18	28	1	13	21	12	18	29	13	28	0	0	0	0	0	0	0	0	0	0	0	0	0	0	0	0	0	0	0	0	0	0	0	0	0	0	0	0	0	0	0	0	0	0	0	0	0	0	0	0	0	0	0	0	0	0	0	0	0	0	0	0	0	0	0	0
21	21	1	21	21	2	21	3	21	21	21	4	18	21	21	12	18	29	13	21	18	21	21	4	12	21	3	12	21	12	21	21	2	12	21	1	12	21	12	18	29	13	21	29	13	29	13	21	13	29	13	22	13	21	0	0	0	0	0	0	0	0	0	0	0	0	0	0	0	0	0	0	0	0	0	0	0	0	0	0	0	0	0	0	0
21	21	1	18	21	12	21	12	18	29	13	21	2	18	21	12	21	1	18	29	13	28	3	21	21	4	21	12	21	3	12	21	2	21	29	21	12	18	29	13	28	13	29	21	13	28	4	13	28	0	0	0	0	0	0	0	0	0	0	0	0	0	0	0	0	0	0	0	0	0	0	0	0	0	0	0	0	0	0	0	0	0	0	0	0
21	21	1	2	21	21	12	21	3	21	12	21	1	21	21	21	2	12	21	12	18	29	13	21	29	13	29	13	21	21	21	4	18	21	21	12	18	29	13	21	18	21	21	3	4	21	13	29	0	0	0	0	0	0	0	0	0	0	0	0	0	0	0	0	0	0	0	0	0	0	0	0	0	0	0	0	0	0	0	0	0	0	0	0	0
21	21	1	2	21	21	12	18	29	13	21	3	21	12	21	1	21	21	21	2	12	21	12	18	29	13	21	29	13	29	13	21	21	21	4	18	21	21	12	18	29	13	21	18	21	21	3	4	21	0	0	0	0	0	0	0	0	0	0	0	0	0	0	0	0	0	0	0	0	0	0	0	0	0	0	0	0	0	0	0	0	0	0	0	0
21	21	21	1	12	21	21	2	21	21	12	21	3	18	21	12	21	21	28	12	21	2	13	21	1	13	21	4	18	21	21	18	21	21	18	21	4	28	3	13	12	21	5	18	21	12	21	18	21	6	21	12	18	21	5	13	21	7	8	21	21	28	9	21	7	21	12	21	18	21	21	9	13	12	21	12	21	12	21	8	28	6	21	18	29
21	1	18	21	28	12	21	12	18	29	13	28	18	21	1	28	13	21	2	21	12	21	12	21	12	29	2	13	21	29	13	29	13	29	0	0	0	0	0	0	0	0	0	0	0	0	0	0	0	0	0	0	0	0	0	0	0	0	0	0	0	0	0	0	0	0	0	0	0	0	0	0	0	0	0	0	0	0	0	0	0	0	0	0	0
21	21	12	21	21	21	12	18	29	13	29	13	21	1	21	21	21	2	21	1	12	21	21	21	3	21	2	21	21	21	4	21	3	12	21	21	21	12	21	4	13	29	13	21	13	21	0	0	0	0	0	0	0	0	0	0	0	0	0	0	0	0	0	0	0	0	0	0	0	0	0	0	0	0	0	0	0	0	0	0	0	0	0	0	0
21	21	1	2	21	21	21	12	18	29	13	21	21	1	21	21	21	3	21	2	21	21	21	4	12	21	3	21	21	21	4	29	13	21	0	0	0	0	0	0	0	0	0	0	0	0	0	0	0	0	0	0	0	0	0	0	0	0	0	0	0	0	0	0	0	0	0	0	0	0	0	0	0	0	0	0	0	0	0	0	0	0	0	0	0
21	21	21	1	12	21	2	18	21	12	21	29	21	1	18	29	13	21	12	18	29	13	28	3	21	21	4	18	21	21	5	18	21	21	18	21	21	18	21	5	28	18	21	4	21	3	18	21	2	13	29	0	0	0	0	0	0	0	0	0	0	0	0	0	0	0	0	0	0	0	0	0	0	0	0	0	0	0	0	0	0	0	0	0	0
21	21	1	21	12	21	12	21	21	12	29	1	13	29	21	2	21	21	12	21	21	3	18	21	2	21	12	18	21	4	21	12	18	21	3	29	13	21	12	18	29	13	21	5	18	21	12	21	4	18	29	13	21	12	18	21	21	18	21	5	13	29	21	13	29	13	12	21	12	18	29	13	21	13	29	13	28	13	29	0	0	0	0	0	0
21	21	1	21	12	21	12	21	21	12	29	1	13	29	21	2	21	21	12	21	21	3	18	21	2	21	12	18	21	4	21	12	18	21	3	29	13	21	12	18	29	13	21	5	18	21	12	21	4	18	29	13	21	12	18	21	21	18	21	5	13	29	21	13	29	13	12	21	12	18	29	13	21	29	13	29	13	28	13	29	0	0	0	0	0
21	21	1	18	21	2	21	12	21	12	18	29	13	21	3	12	21	12	21	21	4	21	12	21	3	21	12	21	12	21	2	12	21	13	21	13	12	21	21	1	29	21	12	18	29	13	21	12	21	12	21	5	18	21	21	18	21	21	18	21	5	13	28	21	12	18	29	13	21	6	18	21	21	18	21	21	18	21	6	13	29	13	29	13	29
21	21	1	29	21	21	2	21	12	29	1	13	21	12	21	12	21	12	29	2	13	29	21	3	21	4	21	29	21	12	18	29	13	21	4	21	12	21	5	18	21	21	6	18	21	12	21	18	21	3	5	13	29	21	29	6	13	21	7	18	21	21	12	18	21	12	21	12	18	21	7	13	29	21	13	29	13	29	21	13	29	13	29	0	0
21	1	18	28	21	12	18	28	28	1	21	2	21	12	21	12	21	12	29	2	13	21	29	13	29	13	29	13	21	12	18	29	13	28	0	0	0	0	0	0	0	0	0	0	0	0	0	0	0	0	0	0	0	0	0	0	0	0	0	0	0	0	0	0	0	0	0	0	0	0	0	0	0	0	0	0	0	0	0	0	0	0	0	0	0
21	1	21	21	12	21	1	13	12	21	12	18	29	13	29	13	21	12	18	29	13	29	14	28	14	28	14	15	30	34	16	0	0	0	0	0	0	0	0	0	0	0	0	0	0	0	0	0	0	0	0	0	0	0	0	0	0	0	0	0	0	0	0	0	0	0	0	0	0	0	0	0	0	0	0	0	0	0	0	0	0	0	0	0	0
21	21	1	21	12	21	12	21	21	12	29	1	13	29	21	2	21	21	12	21	21	3	18	21	2	21	12	18	21	4	21	12	18	21	3	29	13	21	12	18	29	13	21	5	18	21	12	21	4	18	29	13	21	12	18	21	21	18	21	5	13	29	21	13	29	13	12	21	12	18	29	13	21	29	13	29	13	28	13	29	0	0	0	0	0
21	1	21	28	21	21	12	21	1	21	2	18	21	21	18	21	12	21	18	21	2	13	22	13	21	29	21	3	18	21	21	4	18	21	12	21	18	21	3	13	29	21	29	4	0	0	0	0	0	0	0	0	0	0	0	0	0	0	0	0	0	0	0	0	0	0	0	0	0	0	0	0	0	0	0	0	0	0	0	0	0	0	0	0	0
21	21	1	2	21	12	21	12	21	21	12	29	1	13	28	3	21	4	18	21	21	18	21	21	18	21	4	21	5	18	21	6	21	12	18	21	7	21	8	18	21	21	18	21	21	18	21	8	28	2	21	7	18	21	5	3	13	21	28	21	6	18	29	13	28	21	13	29	21	0	0	0	0	0	0	0	0	0	0	0	0	0	0	0	0
21	21	1	2	21	21	21	3	21	12	21	1	21	21	21	2	18	29	13	21	21	12	18	21	13	21	4	18	21	21	12	18	29	13	21	18	21	21	3	4	21	0	0	0	0	0	0	0	0	0	0	0	0	0	0	0	0	0	0	0	0	0	0	0	0	0	0	0	0	0	0	0	0	0	0	0	0	0	0	0	0	0	0	0	0
21	29	21	12	18	29	13	21	12	21	1	18	21	21	18	21	21	18	21	1	21	26	13	28	2	21	21	21	3	18	21	12	21	2	13	21	18	21	32	3	0	0	0	0	0	0	0	0	0	0	0	0	0	0	0	0	0	0	0	0	0	0	0	0	0	0	0	0	0	0	0	0	0	0	0	0	0	0	0	0	0	0	0	0	0
21	21	21	1	12	21	2	18	21	12	21	29	21	1	18	29	13	21	12	18	29	13	28	3	21	21	4	18	21	21	5	18	21	12	21	18	21	21	12	18	21	5	21	28	12	21	13	21	13	29	13	28	18	21	4	21	3	18	21	2	13	29	0	0	0	0	0	0	0	0	0	0	0	0	0	0	0	0	0	0	0	0	0	0	0
21	1	18	21	28	12	21	12	18	29	13	28	18	21	1	28	13	21	2	21	12	21	12	21	12	29	2	13	21	29	13	29	13	12	22	13	22	0	0	0	0	0	0	0	0	0	0	0	0	0	0	0	0	0	0	0	0	0	0	0	0	0	0	0	0	0	0	0	0	0	0	0	0	0	0	0	0	0	0	0	0	0	0	0	0
21	21	21	1	18	21	21	2	21	21	12	21	3	18	21	12	21	28	12	21	2	13	21	1	13	21	4	18	21	21	18	21	21	18	21	4	28	3	13	12	21	5	18	21	12	21	18	21	6	21	12	18	21	5	13	21	7	8	21	21	28	9	21	7	21	12	21	18	21	21	9	13	12	21	12	21	12	21	8	28	6	21	13	12	21
21	21	21	21	21	29	21	12	18	29	13	28	21	1	18	28	21	12	18	29	13	28	12	21	18	21	1	22	13	21	2	21	12	21	12	21	12	29	2	13	21	13	29	13	29	0	0	0	0	0	0	0	0	0	0	0	0	0	0	0	0	0	0	0	0	0	0	0	0	0	0	0	0	0	0	0	0	0	0	0	0	0	0	0	0
21	21	12	18	21	13	21	1	21	21	21	2	12	21	1	21	3	21	21	21	4	21	5	12	21	21	21	12	21	12	21	5	21	21	21	4	12	21	3	12	21	21	2	13	21	13	21	13	12	21	13	21	13	29	13	21	13	21	12	18	29	13	29	0	0	0	0	0	0	0	0	0	0	0	0	0	0	0	0	0	0	0	0	0	0
21	1	21	12	21	12	29	21	2	18	21	21	12	18	21	21	12	18	21	2	1	13	29	13	29	13	21	3	18	21	21	12	18	21	12	21	12	18	21	3	13	29	13	29	13	29	13	29	21	12	18	29	13	21	4	18	21	21	12	18	21	12	21	12	18	21	4	13	29	13	29	13	29	0	0	0	0	0	0	0	0	0	0	0	0
21	21	1	21	12	21	12	21	21	12	29	1	13	29	21	2	21	21	12	21	21	3	18	21	2	21	12	18	21	4	21	12	18	21	3	29	13	21	12	18	29	13	21	5	18	21	12	21	4	18	29	13	21	12	18	21	21	18	21	5	13	29	21	13	29	13	12	21	12	18	29	13	21	29	13	29	13	28	13	29	14	21	26	0	0
21	29	21	1	18	21	12	21	2	18	21	12	21	21	3	21	4	18	21	21	12	18	21	12	21	18	21	4	21	21	28	3	21	2	13	29	21	13	29	21	13	21	18	21	1	13	29	21	0	0	0	0	0	0	0	0	0	0	0	0	0	0	0	0	0	0	0	0	0	0	0	0	0	0	0	0	0	0	0	0	0	0	0	0	0
21	21	21	1	12	21	2	18	21	12	21	29	21	1	18	29	13	21	12	18	29	13	28	3	21	21	4	18	21	12	21	3	18	21	2	13	28	18	21	5	21	18	21	21	12	18	21	21	5	18	21	4	13	29	13	29	0	0	0	0	0	0	0	0	0	0	0	0	0	0	0	0	0	0	0	0	0	0	0	0	0	0	0	0	0
21	21	1	2	21	21	21	3	21	12	21	1	21	21	21	2	29	13	21	12	21	21	4	18	21	3	21	18	21	21	12	18	21	4	13	29	13	21	21	21	21	21	21	21	21	21	32	12	18	29	13	21	21	21	21	12	21	12	22	13	12	22	13	22	13	12	22	13	22	0	0	0	0	0	0	0	0	0	0	0	0	0	0	0	0
21	1	21	29	30	12	18	29	13	12	28	21	1	32	21	21	32	12	18	29	13	12	18	29	13	29	13	28	12	21	21	21	26	13	21	21	21	26	0	0	0	0	0	0	0	0	0	0	0	0	0	0	0	0	0	0	0	0	0	0	0	0	0	0	0	0	0	0	0	0	0	0	0	0	0	0	0	0	0	0	0	0	0	0	0
21	21	1	18	28	21	12	18	29	13	21	2	18	21	12	28	1	13	21	18	21	21	12	18	21	2	13	21	28	12	21	13	21	3	18	21	21	18	21	12	32	3	13	21	12	18	29	13	28	21	12	21	21	21	12	18	29	13	29	13	21	12	18	29	13	29	0	0	0	0	0	0	0	0	0	0	0	0	0	0	0	0	0	0	0
21	21	21	1	18	21	2	21	28	3	21	12	18	21	21	4	18	21	12	21	3	18	29	13	21	29	21	12	18	29	13	21	4	12	21	21	13	29	13	21	2	18	28	21	5	18	21	1	21	18	21	12	21	18	21	5	13	29	0	0	0	0	0	0	0	0	0	0	0	0	0	0	0	0	0	0	0	0	0	0	0	0	0	0	0
21	21	1	18	21	12	21	12	18	29	13	21	18	21	2	21	1	18	21	21	18	21	3	21	2	12	21	21	21	4	12	21	3	12	21	21	21	5	12	21	4	21	21	12	21	21	5	13	12	21	13	21	12	18	29	13	29	13	21	13	21	13	21	13	21	13	29	0	0	0	0	0	0	0	0	0	0	0	0	0	0	0	0	0	0
21	29	21	1	18	21	12	21	18	21	2	21	12	18	21	1	13	28	18	21	28	18	21	2	28	21	3	18	21	21	12	18	21	12	21	18	21	3	13	22	13	21	26	13	29	21	21	21	28	4	21	21	29	21	21	4	0	0	0	0	0	0	0	0	0	0	0	0	0	0	0	0	0	0	0	0	0	0	0	0	0	0	0	0	0
21	28	12	21	21	1	18	21	28	18	21	2	21	12	18	28	1	13	21	12	18	28	21	12	18	28	2	13	28	13	28	13	21	3	18	21	21	18	21	12	21	18	21	3	13	21	12	18	29	13	28	21	12	21	21	21	12	18	29	13	29	13	21	12	18	29	13	29	0	0	0	0	0	0	0	0	0	0	0	0	0	0	0	0	0
21	21	1	18	21	2	21	12	21	12	18	29	13	21	3	12	21	12	21	21	4	21	12	21	3	21	12	21	12	21	2	12	21	13	21	13	12	21	21	1	29	21	12	18	29	13	21	12	21	12	21	5	18	21	21	18	21	21	18	21	5	13	28	21	12	18	29	13	29	21	12	21	13	12	21	13	21	13	29	13	29	13	29	21	12
21	18	21	21	12	18	29	13	28	21	1	18	21	12	21	18	21	2	21	12	18	21	1	13	21	12	18	28	21	18	28	2	13	28	21	3	18	21	21	12	18	21	12	21	18	21	3	13	22	13	21	26	13	29	21	21	21	28	4	21	21	29	21	21	4	14	21	26	14	21	26	0	0	0	0	0	0	0	0	0	0	0	0	0	0
21	29	21	21	29	21	1	18	21	12	21	18	21	2	21	12	18	21	1	13	21	12	18	28	21	18	28	2	13	28	21	3	18	21	21	18	21	21	12	18	21	3	13	21	11	21	13	29	21	21	29	21	0	0	0	0	0	0	0	0	0	0	0	0	0	0	0	0	0	0	0	0	0	0	0	0	0	0	0	0	0	0	0	0	0
21	28	21	12	18	29	13	21	1	18	28	21	18	21	21	12	18	21	1	13	29	21	2	18	21	21	18	21	12	21	18	21	2	13	28	21	12	18	29	13	28	21	3	18	21	21	12	18	21	12	21	18	21	3	13	21	26	13	21	12	22	13	12	22	13	22	0	0	0	0	0	0	0	0	0	0	0	0	0	0	0	0	0	0	0
21	21	12	21	13	29	21	1	18	21	12	21	18	21	21	12	18	21	1	13	29	21	13	21	2	18	28	21	12	21	12	28	2	21	12	18	29	13	28	3	21	21	28	21	12	18	29	13	21	3	13	21	4	18	21	21	18	21	12	21	18	21	4	13	21	26	13	21	5	18	21	21	18	21	12	21	18	21	5	13	21	26	0	0	0
21	21	21	1	12	21	21	2	21	21	12	21	3	18	21	12	21	21	28	12	21	2	13	21	1	13	21	4	18	21	21	18	21	21	18	21	4	28	3	13	12	21	5	18	21	12	21	18	21	6	21	12	18	21	5	13	21	7	8	21	21	28	9	21	7	21	12	21	18	21	21	9	13	12	21	12	21	12	21	8	28	6	21	13	12
21	21	12	21	13	12	21	21	21	21	12	21	21	12	18	29	13	29	21	13	12	21	12	18	29	13	29	21	1	21	2	21	3	18	21	21	4	18	21	12	21	18	21	3	21	21	28	5	21	2	12	21	21	21	5	13	21	18	21	1	29	21	13	29	21	29	4	13	29	13	29	0	0	0	0	0	0	0	0	0	0	0	0	0	0
20	12	21	12	21	21	12	21	13	21	13	28	21	12	18	29	13	21	12	21	21	1	18	21	21	18	21	21	18	21	1	13	28	21	12	18	29	13	21	2	18	28	21	18	21	28	18	21	2	13	12	29	13	29	0	0	0	0	0	0	0	0	0	0	0	0	0	0	0	0	0	0	0	0	0	0	0	0	0	0	0	0	0	0	0
21	21	1	21	21	2	21	12	21	12	21	3	12	29	2	13	21	21	21	4	21	5	21	21	18	21	6	21	21	12	21	21	21	6	12	21	5	21	21	4	18	21	3	21	13	21	13	29	13	21	13	28	21	1	0	0	0	0	0	0	0	0	0	0	0	0	0	0	0	0	0	0	0	0	0	0	0	0	0	0	0	0	0	0	0
21	21	12	21	18	21	12	21	13	21	18	21	21	12	18	29	13	28	29	13	21	12	18	29	13	21	1	18	21	21	18	21	12	21	18	21	1	13	28	12	21	13	21	0	0	0	0	0	0	0	0	0	0	0	0	0	0	0	0	0	0	0	0	0	0	0	0	0	0	0	0	0	0	0	0	0	0	0	0	0	0	0	0	0	0
21	21	1	18	21	12	21	12	21	21	21	1	13	12	21	13	21	13	21	18	21	21	12	18	21	21	18	21	21	12	18	21	21	12	18	29	13	29	13	21	13	21	0	0	0	0	0	0	0	0	0	0	0	0	0	0	0	0	0	0	0	0	0	0	0	0	0	0	0	0	0	0	0	0	0	0	0	0	0	0	0	0	0	0	0
21	1	18	21	21	12	18	21	21	18	21	1	21	21	21	2	18	21	28	21	3	18	21	2	21	12	18	29	13	28	18	21	12	28	3	13	28	13	21	12	18	29	13	28	21	12	21	21	21	12	18	29	13	29	13	21	12	18	29	13	29	0	0	0	0	0	0	0	0	0	0	0	0	0	0	0	0	0	0	0	0	0	0	0	0
21	21	1	21	21	21	21	2	12	21	12	29	2	13	21	21	12	29	21	12	18	29	13	21	21	12	21	12	21	12	18	29	13	21	12	21	1	29	13	21	13	12	21	13	21	13	29	13	21	12	18	21	21	3	18	21	32	21	12	18	28	3	13	21	13	21	13	21	0	0	0	0	0	0	0	0	0	0	0	0	0	0	0	0	0
21	1	21	12	21	12	29	21	1	28	2	21	18	28	21	12	18	28	21	2	18	29	13	28	13	21	29	13	29	0	0	0	0	0	0	0	0	0	0	0	0	0	0	0	0	0	0	0	0	0	0	0	0	0	0	0	0	0	0	0	0	0	0	0	0	0	0	0	0	0	0	0	0	0	0	0	0	0	0	0	0	0	0	0	0
21	29	21	1	18	21	21	12	18	21	21	12	18	21	1	29	13	29	21	13	21	2	21	3	21	12	21	29	21	3	18	29	13	21	12	21	4	18	21	21	5	18	21	12	21	18	21	2	4	13	29	21	29	5	13	29	21	6	21	12	21	12	21	7	21	12	29	6	13	21	29	21	12	29	7	13	21	8	18	21	21	18	21	32	8
21	1	18	21	21	12	18	21	21	18	21	1	21	21	12	21	12	18	29	13	29	13	28	13	28	12	21	21	21	26	13	21	21	21	26	0	0	0	0	0	0	0	0	0	0	0	0	0	0	0	0	0	0	0	0	0	0	0	0	0	0	0	0	0	0	0	0	0	0	0	0	0	0	0	0	0	0	0	0	0	0	0	0	0	0
21	21	1	21	12	21	12	21	21	12	29	1	13	29	21	2	21	21	12	21	21	3	18	21	2	21	12	18	21	4	21	12	18	21	3	29	13	21	12	18	29	13	21	5	18	21	12	21	4	18	29	13	21	12	18	21	21	18	21	5	13	29	21	13	29	13	12	21	12	18	29	13	21	29	13	29	13	28	13	29	21	6	21	21	21
21	21	1	18	21	12	21	18	21	12	21	18	21	1	13	21	12	18	29	13	28	21	2	18	21	21	12	18	21	21	12	18	21	2	13	21	12	22	13	12	22	13	22	13	28	3	21	18	21	12	28	18	21	3	13	21	13	28	21	4	18	28	21	18	21	21	12	18	28	4	13	21	5	18	21	28	18	21	21	18	21	5	0	0	0
21	1	18	28	21	2	18	21	12	28	18	21	12	28	18	21	2	28	1	21	3	21	12	21	12	21	12	29	3	13	21	29	13	29	13	29	13	22	13	28	0	0	0	0	0	0	0	0	0	0	0	0	0	0	0	0	0	0	0	0	0	0	0	0	0	0	0	0	0	0	0	0	0	0	0	0	0	0	0	0	0	0	0	0	0
21	29	21	1	18	21	12	21	18	21	21	12	18	21	1	13	21	18	21	21	12	18	29	13	21	21	12	18	29	13	21	18	21	21	2	18	21	21	12	18	21	12	21	18	21	2	13	29	13	29	21	13	29	0	0	0	0	0	0	0	0	0	0	0	0	0	0	0	0	0	0	0	0	0	0	0	0	0	0	0	0	0	0	0	0
21	21	12	21	13	21	18	21	21	21	21	21	21	12	18	29	13	28	21	21	1	18	21	21	12	18	21	12	21	18	21	1	13	29	13	29	21	0	0	0	0	0	0	0	0	0	0	0	0	0	0	0	0	0	0	0	0	0	0	0	0	0	0	0	0	0	0	0	0	0	0	0	0	0	0	0	0	0	0	0	0	0	0	0	0
21	21	21	12	18	21	12	21	1	18	21	21	18	21	21	18	21	1	13	21	2	18	21	21	18	21	12	21	18	21	2	13	29	21	21	28	12	21	13	21	13	21	3	18	21	21	18	21	21	18	21	3	0	0	0	0	0	0	0	0	0	0	0	0	0	0	0	0	0	0	0	0	0	0	0	0	0	0	0	0	0	0	0	0	0
21	1	18	21	21	18	21	12	21	12	18	21	1	13	28	13	32	21	12	18	21	12	21	11	28	13	21	12	18	21	12	28	13	32	21	2	18	21	21	18	21	21	18	21	2	28	13	21	11	28	13	28	0	0	0	0	0	0	0	0	0	0	0	0	0	0	0	0	0	0	0	0	0	0	0	0	0	0	0	0	0	0	0	0	0
21	21	1	18	21	12	21	12	18	21	21	18	21	1	13	21	26	13	28	21	12	18	29	13	21	2	18	21	28	18	21	12	32	2	13	28	21	3	18	21	21	12	18	28	21	12	18	28	3	13	21	13	28	4	21	21	28	12	21	21	4	13	21	21	29	0	0	0	0	0	0	0	0	0	0	0	0	0	0	0	0	0	0	0	0
21	1	18	21	21	12	18	21	21	18	21	1	21	2	18	21	29	21	3	18	21	21	12	18	21	21	12	18	21	3	21	2	18	29	13	29	13	29	13	29	0	0	0	0	0	0	0	0	0	0	0	0	0	0	0	0	0	0	0	0	0	0	0	0	0	0	0	0	0	0	0	0	0	0	0	0	0	0	0	0	0	0	0	0	0
21	21	21	12	21	12	18	29	13	28	13	28	1	21	21	21	21	1	18	29	0	0	0	0	0	0	0	0	0	0	0	0	0	0	0	0	0	0	0	0	0	0	0	0	0	0	0	0	0	0	0	0	0	0	0	0	0	0	0	0	0	0	0	0	0	0	0	0	0	0	0	0	0	0	0	0	0	0	0	0	0	0	0	0	0
21	21	1	21	21	21	2	21	21	12	21	12	18	21	21	18	21	21	18	21	21	12	21	21	12	21	12	18	29	13	21	12	21	12	21	12	18	21	21	12	21	12	18	29	13	21	21	12	29	21	12	18	29	13	21	3	21	21	21	21	28	3	21	12	18	29	13	21	12	18	29	13	21	1	12	29	2	13	29	13	21	12	21	13	21
21	1	21	21	21	12	21	12	21	1	13	28	13	28	14	21	12	18	29	13	12	21	12	18	29	13	29	13	29	14	15	30	34	16	0	0	0	0	0	0	0	0	0	0	0	0	0	0	0	0	0	0	0	0	0	0	0	0	0	0	0	0	0	0	0	0	0	0	0	0	0	0	0	0	0	0	0	0	0	0	0	0	0	0	0
21	21	12	21	12	18	29	13	28	21	12	21	1	18	21	21	18	21	21	18	21	1	13	21	12	18	29	13	29	21	12	21	13	12	21	13	21	13	28	21	12	18	29	13	21	21	2	18	21	21	12	18	21	21	12	18	21	2	13	22	13	22	0	0	0	0	0	0	0	0	0	0	0	0	0	0	0	0	0	0	0	0	0	0	0
21	21	28	12	21	21	13	21	21	28	21	12	18	29	13	21	1	18	21	12	28	21	12	18	21	1	21	13	21	18	21	2	21	3	18	21	12	21	18	21	21	12	18	21	3	13	22	13	28	21	2	18	29	13	21	0	0	0	0	0	0	0	0	0	0	0	0	0	0	0	0	0	0	0	0	0	0	0	0	0	0	0	0	0	0
21	21	1	18	21	12	28	18	21	12	28	18	21	1	28	13	21	12	21	21	12	18	29	13	28	13	28	21	21	12	21	12	18	29	13	28	13	28	13	21	12	18	29	13	28	21	12	21	12	21	2	18	21	28	18	21	28	2	13	29	21	3	21	12	21	12	21	12	21	12	29	3	13	21	29	13	29	13	29	13	29	21	4	21	12
21	21	1	21	21	12	21	12	21	12	21	18	21	12	21	12	21	12	21	18	21	21	18	21	12	21	12	18	29	13	28	21	2	18	21	21	12	18	29	13	21	12	18	21	12	21	1	13	21	2	18	29	13	28	21	21	18	21	13	21	13	29	21	13	29	21	12	18	29	13	28	13	21	13	21	13	29	13	29	21	0	0	0	0	0
21	1	18	21	21	12	18	21	12	21	18	21	1	24	13	22	13	28	21	2	18	21	12	21	18	21	21	12	18	21	2	22	13	22	13	21	12	18	29	13	28	29	21	21	12	21	29	13	29	0	0	0	0	0	0	0	0	0	0	0	0	0	0	0	0	0	0	0	0	0	0	0	0	0	0	0	0	0	0	0	0	0	0	0	0
21	21	29	21	1	18	21	12	21	18	21	2	21	12	18	21	1	13	28	18	21	21	12	18	21	2	28	21	3	18	21	21	12	18	21	12	21	18	21	3	13	29	21	21	4	18	21	21	18	21	21	18	28	4	13	21	26	13	21	11	28	13	28	21	12	18	29	13	21	18	21	21	28	12	21	13	21	0	0	0	0	0	0	0	0
21	28	21	21	1	18	21	21	18	21	12	21	18	21	1	13	21	2	18	21	3	21	21	28	21	12	18	29	13	21	4	18	21	3	21	12	18	21	21	12	18	21	4	13	22	13	28	2	14	29	30	12	18	29	13	12	29	13	29	0	0	0	0	0	0	0	0	0	0	0	0	0	0	0	0	0	0	0	0	0	0	0	0	0	0
21	28	12	21	13	21	21	18	21	21	12	18	29	13	28	21	1	18	21	12	21	18	21	2	21	12	18	21	1	13	21	12	18	28	21	18	28	2	13	28	21	3	18	21	21	12	18	21	12	21	18	21	3	13	22	13	21	26	13	29	21	4	21	21	29	21	4	0	0	0	0	0	0	0	0	0	0	0	0	0	0	0	0	0	0
21	21	21	12	21	13	21	12	21	12	18	29	13	28	21	12	21	12	21	13	29	13	21	12	18	29	13	28	21	12	21	21	12	21	13	21	13	21	12	18	29	13	21	1	12	21	29	1	13	21	13	28	21	12	18	29	13	21	12	21	12	21	13	21	21	13	28	12	21	13	21	12	18	29	13	21	0	0	0	0	0	0	0	0	0
21	28	12	21	13	21	21	21	12	21	32	21	1	18	21	21	18	21	21	18	21	1	13	28	21	2	18	21	12	21	18	21	12	21	18	21	2	13	32	12	18	29	13	12	18	29	13	28	21	12	18	29	13	21	3	18	21	21	18	21	12	21	18	21	3	13	28	4	21	21	28	12	21	21	4	13	21	21	5	18	21	21	18	21	21
21	21	12	21	13	21	21	12	21	12	18	29	13	21	1	12	21	29	1	13	21	13	28	21	12	18	29	13	21	12	21	21	2	18	21	21	18	21	21	18	21	2	13	28	21	12	18	29	13	21	12	21	21	12	21	13	21	13	28	21	12	18	29	13	21	12	21	21	21	3	18	21	21	18	21	21	18	21	3	13	28	21	12	18	29
21	21	12	21	1	18	21	12	21	18	21	21	12	18	21	1	21	26	13	22	13	21	26	13	29	21	2	18	21	12	28	18	21	21	12	18	21	2	13	21	3	18	21	28	12	28	18	21	3	13	21	4	21	21	28	21	21	4	13	28	0	0	0	0	0	0	0	0	0	0	0	0	0	0	0	0	0	0	0	0	0	0	0	0	0
21	1	21	21	1	21	12	18	29	13	28	2	21	21	28	12	21	21	2	13	21	12	18	29	13	21	3	18	21	12	21	18	21	21	12	18	21	3	13	21	21	4	18	28	28	21	12	18	29	13	21	5	18	21	21	18	21	21	18	21	5	4	13	22	0	0	0	0	0	0	0	0	0	0	0	0	0	0	0	0	0	0	0	0	0
21	21	21	32	12	18	29	13	12	18	29	13	28	21	1	18	21	12	21	12	18	21	12	21	18	21	1	13	22	13	21	12	18	29	13	21	2	18	21	28	21	3	18	21	2	21	18	21	12	21	18	28	3	13	21	26	13	22	0	0	0	0	0	0	0	0	0	0	0	0	0	0	0	0	0	0	0	0	0	0	0	0	0	0	0
15	27	25	17	16	14	21	21	28	12	21	21	13	21	21	28	21	12	18	29	13	21	1	18	21	21	12	18	21	12	21	18	21	1	13	21	12	18	29	13	15	29	10	16	13	24	0	0	0	0	0	0	0	0	0	0	0	0	0	0	0	0	0	0	0	0	0	0	0	0	0	0	0	0	0	0	0	0	0	0	0	0	0	0	0
21	21	28	12	21	21	13	21	21	28	21	12	18	29	13	21	1	18	21	21	12	18	21	12	21	18	21	1	13	21	12	18	29	13	29	13	24	0	0	0	0	0	0	0	0	0	0	0	0	0	0	0	0	0	0	0	0	0	0	0	0	0	0	0	0	0	0	0	0	0	0	0	0	0	0	0	0	0	0	0	0	0	0	0	0
21	21	28	12	21	21	13	21	21	28	21	12	18	29	13	21	1	18	21	21	12	18	21	12	21	18	21	1	13	21	12	18	29	13	28	21	12	21	21	12	21	13	21	13	21	12	18	29	13	28	21	12	21	21	12	21	13	21	13	21	12	18	29	13	28	21	12	21	21	12	21	13	21	13	21	12	18	29	13	28	12	21	13	29	21
21	21	1	12	21	21	21	12	18	21	12	21	1	13	21	28	2	21	21	28	12	21	21	2	13	21	3	18	21	21	18	21	12	21	18	21	3	13	21	12	18	29	13	28	32	12	18	29	13	12	18	29	13	21	4	18	21	21	12	18	21	12	21	18	21	4	13	28	21	12	21	21	28	5	21	21	29	21	21	5	13	21	32	21	6
20	12	21	12	21	21	12	21	13	21	13	28	21	12	18	29	13	21	28	21	12	18	29	13	21	1	18	21	12	21	18	21	21	12	18	21	1	13	21	26	13	21	26	13	12	29	13	29	0	0	0	0	0	0	0	0	0	0	0	0	0	0	0	0	0	0	0	0	0	0	0	0	0	0	0	0	0	0	0	0	0	0	0	0	0
21	21	21	32	12	18	29	13	12	18	29	13	28	21	1	18	21	12	21	12	18	21	12	21	18	21	1	13	22	13	21	12	18	29	13	21	2	18	21	28	21	3	18	21	2	21	18	21	12	21	18	28	3	13	21	4	18	21	21	18	21	12	21	18	21	4	13	21	26	13	22	0	0	0	0	0	0	0	0	0	0	0	0	0	0
21	21	1	18	21	21	18	21	12	21	18	21	1	13	21	12	18	29	13	21	12	21	13	28	21	0	0	0	0	0	0	0	0	0	0	0	0	0	0	0	0	0	0	0	0	0	0	0	0	0	0	0	0	0	0	0	0	0	0	0	0	0	0	0	0	0	0	0	0	0	0	0	0	0	0	0	0	0	0	0	0	0	0	0	0
21	21	1	21	2	21	12	21	3	21	12	21	12	18	29	13	21	12	18	21	12	21	3	12	21	12	18	29	13	21	2	18	21	12	21	4	18	21	1	21	18	21	21	18	21	4	29	13	29	13	29	13	29	13	21	12	18	29	13	28	13	28	12	21	13	21	13	29	0	0	0	0	0	0	0	0	0	0	0	0	0	0	0	0	0
21	21	1	18	21	28	12	21	12	18	29	13	28	21	1	18	29	13	21	2	21	21	12	21	12	29	2	13	21	29	30	12	18	29	13	12	29	13	29	21	3	21	21	12	29	21	3	21	29	30	12	18	29	13	12	29	13	29	21	4	21	21	12	29	21	4	21	29	30	12	18	29	13	12	29	13	29	21	5	21	21	12	29	21	5
21	1	18	21	15	19	33	23	16	21	12	18	21	1	13	21	15	29	10	16	0	0	0	0	0	0	0	0	0	0	0	0	0	0	0	0	0	0	0	0	0	0	0	0	0	0	0	0	0	0	0	0	0	0	0	0	0	0	0	0	0	0	0	0	0	0	0	0	0	0	0	0	0	0	0	0	0	0	0	0	0	0	0	0	0
21	21	1	12	21	12	18	21	13	28	12	21	2	18	21	21	18	21	21	18	21	2	1	13	21	21	21	21	21	21	12	18	29	13	29	13	21	14	20	31	0	0	0	0	0	0	0	0	0	0	0	0	0	0	0	0	0	0	0	0	0	0	0	0	0	0	0	0	0	0	0	0	0	0	0	0	0	0	0	0	0	0	0	0	0
